ResourceTreeSet(count=5, base=20, list=40)
Mismatched set node size; expected 1304 found 40
amap [] [] [3]
vmap [] [] [3]
rmap [] [] [3]
omap [] [] [5]
umap [] [] [4]
drt [3] [] []
nvr [40] [] []
zinit [1, 3, 1, 1] [18] [1, 16, 10]
pls [40, 16] [4] [1, 1, 1]
plsl [4] [] []
ent [40, 22] [19] [1, 2, 1]
entl [4] [] []
opt [40, 29] [] [1, 1]
invent [9, 17, 7, 40, 4, 1] [] [1, 1]
map0 [40, 1] [] [1, 1]
map1 [40, 1] [] [1, 1]
map2 [40, 1] [] [1, 1]
map3 [40, 1] [] [1, 1]
map4 [40, 1] [] [1, 1]
map5 [40, 1] [] [1, 1]
map6 [40, 1] [] [1, 1]
map7 [40, 1] [] [1, 1]
map8 [40, 1] [] [1, 1]
wp01 [] [3] [1, 3]
wp02 [] [3] [1, 1]
wp03 [] [3] [1, 1]
wp04 [] [3] [1, 4]
wp05 [] [3] [1, 2]
wp06 [] [3] [1, 1]
wp07 [] [3] [1, 3]
wp08 [] [3] [1, 3]
wp09 [] [3] [1, 2]
wp10 [] [3] [1, 1]
wp11 [] [3] [1, 2]
wp12 [] [3] [1, 1]
wp13 [] [3] [1, 2]
wp14 [] [3] [1, 1]
wp17 [] [3] [1, 1]
wp18 [] [3] [1, 2]
wp19 [] [3] [1, 2]
wp20 [] [3] [1, 2]
wp21 [] [3] [1, 1]
wp23 [] [3] [1, 2]
wp24 [] [3] [1, 1]
zd [] [] []
dtc [40] [] [1, 0]
zws [40] [] []
ResourceTreeSet(count=5, base=20, list=40)
Mismatched set node size; expected 4972 found 40
pima_i [3, 40] [] [1]
pima [3, 3, 3, 3, 2, 2, 3, 2, 3, 2, 3, 2, 3, 2, 3, 2, 3, 3, 3, 3, 2, 3, 3, 3, 3, 3, 3, 3, 3, 3, 3, 3, 3, 3, 2, 2, 2, 2, 2, 2, 2, 2, 2, 2, 2, 2, 3] [] []
vb1 [1, 40, 40, 40] [] [1]
vb1l [40] [] []
vb2 [1, 1, 1, 1, 1, 1, 1, 1, 1, 1, 1, 2, 2, 2, 2, 2, 2, 2, 2, 2, 2, 2, 2, 2, 2, 2, 2, 2, 2, 2, 2, 2, 1, 2, 2, 2, 2, 2, 2, 2, 2, 2, 2, 2, 2, 2, 3, 2, 2, 2, 2, 2, 2, 2, 2, 2, 3, 3, 2, 3, 3, 3, 3, 3, 3, 3, 3, 2, 3, 3, 3, 3, 3, 3, 3, 3, 2, 3] [] []
vbt1 [3, 3, 3, 3, 3, 3, 2, 2, 2] [] []
vbt2 [1] [] []
cast [8, 80, 8, 8, 8, 8, 8, 8, 11, 11, 11, 11, 11, 11, 11, 11, 11, 11, 11, 11, 11, 11, 11, 11, 11, 11, 11, 11, 11, 11, 11, 11, 11, 11, 11, 11, 11, 11, 11, 12, 7, 8, 7, 7, 7, 7, 7, 7, 7, 7, 7, 7, 7, 7, 7, 7, 7, 7, 7, 7, 8, 8, 8, 8, 8, 8, 8, 8, 8, 8, 7, 7, 7, 7, 7, 7, 7, 7, 7, 7, 7, 7, 6, 6, 6, 6, 6, 6, 6, 6, 6, 6, 6, 6, 6, 6, 6, 6, 5, 5, 5, 5, 5, 5, 5, 5, 5, 5, 5, 6, 6, 6, 6, 6, 6, 6, 6, 6, 6, 6, 6, 6, 6, 6, 6, 6, 6, 6, 6, 6] [] [1]
zi1_i [4, 40, 40] [] [1]
zi1 [4, 4, 4, 4, 4, 4, 4, 4, 4, 4, 4, 4, 4, 4, 4, 4, 4, 4, 4, 4, 4, 4, 4, 4, 4, 4, 4, 4, 4, 4, 4, 4, 4, 4, 4, 4, 4, 4, 4, 4, 4, 4, 4, 4, 4, 4, 4, 4, 4, 4, 4, 4, 4, 4, 4, 4, 4, 4, 4, 4, 4, 5, 5, 5, 5, 5, 5, 5, 5, 5, 5, 5, 5, 5, 5, 5, 5, 5, 5, 5, 5, 5, 4, 4, 4, 4, 4, 4, 4, 4, 4, 4, 4, 4, 4, 4, 4, 4, 4, 4, 4, 4, 4, 4, 4, 4, 4, 4, 4, 4, 5, 5, 5, 4, 4, 4, 5, 5, 5, 5, 5, 4, 4, 4, 5, 5, 5, 5, 5, 4, 5, 5, 5, 5, 5, 5, 5, 5, 5, 5, 5, 5, 5, 5, 5, 5, 5, 4, 4, 4, 4, 4, 4, 4, 4, 4, 4, 4, 4, 4, 4, 4, 4, 4, 4, 4, 4, 4, 4, 4, 4, 4, 4, 4, 4, 4, 4, 4, 4, 4, 4, 4, 4, 4, 4, 4, 4, 4, 4, 4, 4, 4, 4, 4, 4, 4, 4, 4, 4, 4, 4, 4, 4, 4, 4, 4, 4, 4, 4, 4, 4, 4, 4, 4, 4, 4, 4, 4, 4, 4, 4, 4, 4, 4, 4, 4, 4, 4, 4, 4, 4, 4, 4, 4, 4, 4, 4, 4, 4, 4, 4, 4, 4, 4, 4, 4, 4, 4, 4, 4, 4, 4, 4, 4, 4, 4, 4, 4, 4, 4, 4, 4, 4, 4, 4, 4, 4, 4, 4, 4, 4, 4, 4, 4, 4, 4, 4, 4, 4, 4, 4, 4, 4, 4, 4, 4, 4, 4, 4, 4, 4, 4, 4, 4, 4, 4, 4, 4, 4, 4, 4, 4, 4, 4] [] []
zi2 [40, 40, 40, 40, 40, 40, 40, 40, 40, 40, 40, 40, 40, 40, 40, 40] [] []
zi3_i [1, 40, 40] [] [1]
zi3 [1, 1, 2, 2, 3, 3, 4, 5, 6, 7, 8, 8, 8, 8, 8, 8, 7, 6, 6, 5, 4, 4, 4, 3, 3, 2, 2, 1, 1, 1, 1, 1] [] []
cred [40, 40, 40, 40, 40, 40, 40, 40, 40, 40, 40, 40, 40, 40, 40, 40, 40, 40, 40, 40, 40, 40, 40, 40, 40, 40, 40, 40, 40, 40, 40, 40, 40, 40, 40, 40, 40, 40, 40, 40, 40, 40, 40, 40, 40, 40, 40, 40, 40, 40, 40, 40] [] []
legal [40, 40, 40, 40] [] []
how [40, 40, 40, 40, 40, 40, 40, 40, 40, 40, 40, 40, 40, 40, 40, 40, 40, 40, 40, 40, 40, 40, 40, 40, 40, 40, 40, 40, 40, 40, 40, 40, 40, 40, 40, 40, 40, 40, 40, 40, 40, 40, 40, 40, 40, 40, 40, 40, 40, 40, 40, 40, 40, 40, 40, 40, 40, 40, 40, 40, 40, 40, 40, 40, 40] [] []
endsh1_i [3, 40, 40, 40] [] [1, 1, 1]
endsh1 [3, 3, 3, 3, 3, 3, 3, 3, 3, 3, 3, 3, 3, 3, 3, 3, 3, 4, 4, 4, 4, 5, 5, 5, 5, 5, 5, 5, 5, 5, 5, 5, 5, 5, 5, 5, 5, 5, 5, 5, 5, 5, 5, 5, 5, 5, 5, 5, 4, 4, 4, 4, 4, 3, 3, 3, 3, 2, 2, 2, 1, 1, 1, 1, 1, 1, 1, 1, 1, 2, 2, 2, 2, 2, 3, 3, 3, 3, 4, 4, 4, 4, 4, 4, 4, 4, 4, 5, 5, 5, 5, 5, 5, 5, 6, 6, 6, 6, 5, 5, 5, 5, 5, 6, 6, 6, 6, 6, 6, 6, 7, 7, 7, 7, 7, 7, 7, 7, 7, 7, 7, 7, 7, 7, 7, 7, 6, 7, 7, 7, 7, 7, 7, 7, 7, 7, 7, 7, 7, 7, 7, 7, 7, 7, 7, 7, 7, 7, 7, 7, 7, 7, 7, 7, 7, 7, 7, 7, 7, 7, 7, 7, 7, 7, 7, 7, 7, 7, 7, 7, 7, 7, 7, 7, 7, 7, 7, 7, 7, 7, 7, 7, 7, 7, 7, 7, 7, 7, 7, 7, 7, 7, 7, 7, 7, 7, 7, 7, 7, 7, 7, 7, 7, 7, 7, 7, 7, 7, 7, 7, 7, 7, 7, 7, 7, 7, 7, 7, 7, 7, 7, 7, 7, 7, 7, 7, 7, 7, 7, 7, 7, 7, 7, 7, 7, 7, 7, 7, 7, 7, 7, 7, 7, 7, 7, 7, 7, 7, 7, 7, 7, 7, 7, 7, 7, 7, 7, 7, 7, 7, 7, 7, 7, 7, 7, 7, 7, 7, 7, 7, 7, 7, 6, 6, 6, 6, 6, 6, 6, 6, 6, 6, 6, 5, 5, 5, 6, 6, 6, 6, 6, 6, 6, 6, 6, 6, 1, 1, 2, 2, 3, 3, 4, 5, 5, 5, 6, 7, 8, 8, 8, 8, 8, 8, 7, 6, 6, 5, 4, 4, 4, 3, 3, 2, 2, 1, 1, 1, 1, 1] [] []
endsh1_2 [40, 40, 40, 40, 40, 40] [] []
endsh2_i [3, 40, 40, 40] [] [1, 1, 1]
endsh2 [3, 3, 3, 3, 3, 4, 4, 4, 4, 5, 5, 5, 5, 5, 5, 6, 6, 6, 5, 5, 5, 5, 5, 5, 5, 4, 4, 4, 3, 3, 2, 2, 1, 1, 1, 1, 1, 1, 1, 1, 1, 1, 1, 1, 1, 1, 1, 1, 1, 1, 1, 1, 1, 1, 1, 1, 1, 1, 1, 1, 1, 1, 1, 1, 1, 2, 2, 2, 2, 2, 3, 3, 3, 4, 4, 4, 5, 5, 5, 5, 5, 5, 5, 6, 6, 6, 6, 5, 5, 6, 6, 6, 6, 6, 6, 6, 6, 6, 6, 6, 6, 6, 6, 7, 7, 7, 7, 7, 7, 7, 7, 7, 7, 7, 7, 7, 7, 7, 7, 7, 7, 7, 7, 7, 7, 7, 7, 7, 7, 7, 7, 7, 7, 7, 7, 6, 7, 7, 7, 7, 7, 7, 7, 7, 7, 7, 7, 7, 7, 7, 7, 7, 7, 7, 7, 7, 7, 7, 7, 7, 7, 7, 7, 7, 7, 7, 7, 7, 7, 7, 7, 7, 7, 7, 7, 7, 7, 7, 7, 7, 7, 7, 7, 7, 7, 7, 7, 7, 7, 7, 7, 7, 7, 7, 7, 7, 7, 7, 7, 7, 7, 7, 7, 7, 7, 7, 7, 7, 7, 7, 7, 7, 7, 7, 7, 7, 7, 7, 7, 7, 7, 7, 7, 7, 7, 7, 7, 7, 7, 7, 7, 7, 7, 7, 6, 6, 7, 6, 7, 7, 6, 6, 6, 6, 6, 6, 6, 6, 6, 6, 1, 1, 1, 2, 2, 3, 3, 4, 4, 5, 5, 5, 6, 6, 6, 6, 7, 6, 6, 6, 6, 6, 6, 6, 5, 5, 5, 5, 4, 4, 4, 3, 3, 3, 2, 2, 1, 1, 1, 1, 1] [] []
endsh2_2 [40, 40, 40, 40, 40, 40] [] []
endsh3_i [3, 40, 40, 40] [] [1, 1, 1]
endsh3 [3, 3, 3, 3, 3, 3, 3, 3, 4, 4, 4, 4, 5, 5, 5, 5, 5, 6, 6, 6, 6, 6, 6, 6, 6, 6, 6, 5, 5, 5, 5, 5, 5, 5, 4, 4, 4, 4, 3, 3, 2, 2, 2, 1, 1, 1, 1, 1, 1, 1, 1, 1, 1, 1, 1, 1, 1, 1, 1, 1, 1, 1, 1, 1, 1, 1, 1, 4, 4, 4, 4, 4, 4, 4, 4, 4, 4, 4, 4, 4, 4, 4, 4, 4, 4, 4, 4, 4, 4, 4, 4, 4, 4, 4, 4, 4, 4, 4, 4, 4, 4, 4, 4, 4, 4, 4, 4, 4, 4, 4, 4, 4, 4, 4, 4, 4, 4, 4, 4, 4, 4, 4, 4, 4, 4, 4, 4, 4, 4, 4, 4, 4, 4, 4, 4, 4, 4, 4, 4, 4, 4, 4, 4, 4, 4, 4, 4, 4, 4, 4, 4, 4, 4, 4, 4, 4, 4, 4, 4, 4, 4, 4, 4, 4, 4, 4, 4, 4, 4, 4, 4, 4, 4, 4, 4, 4, 4, 4, 4, 4, 4, 4, 4, 4, 4, 4, 4, 4, 4, 4, 4, 4, 4, 4, 4, 4, 4, 4, 4, 4, 4, 4, 4, 4, 4, 4, 4, 4, 4, 4, 4, 4, 4, 4, 4, 4, 4, 4, 4, 4, 4, 4, 4, 4, 4, 4, 4, 4, 4, 4, 4, 4, 4, 4, 4, 4, 4, 4, 4, 4, 4, 4, 4, 4, 4, 4, 4, 4, 4, 4, 4, 4, 4, 4, 4, 4, 4, 4, 4, 4, 4, 4, 4, 4, 4, 4, 4, 4, 4, 4, 4, 4, 4, 4, 4, 4, 4, 4, 4, 4, 4, 4, 4, 4, 4, 4, 4, 4, 4, 4, 4, 4, 4, 4, 4, 4, 4, 4, 4, 4, 4, 4, 4, 4, 4, 4, 4, 4, 4, 4, 4, 4, 4, 4, 4, 4, 4, 4, 4, 4, 4, 4, 4, 4, 4, 4, 4, 4, 4, 4, 4, 4, 4, 4, 4, 4, 4, 4, 4, 4, 4, 4, 4, 4, 4, 4, 4, 4, 4, 4, 4, 4, 4, 4, 4, 4, 4, 4, 4, 4, 4, 4, 4, 4, 4, 4, 4, 4, 4, 4, 4, 4, 4, 4, 4, 4, 4, 4, 4, 4, 4, 4, 4, 4, 4, 4, 4, 4, 4, 4, 4, 4, 4, 4, 4, 4, 4, 4, 4, 4, 4, 4, 4, 4, 4, 1, 1, 1, 2, 2, 3, 3, 4, 5, 5, 5, 6, 7, 8, 8, 8, 8, 9, 9, 8, 7, 6, 5, 5, 4, 4, 3, 3, 2, 2, 1, 1, 1, 1] [] []
endsh3_2 [40, 40, 40, 40, 40, 40] [] []
endsh4_i [3, 40, 40, 40] [] [1, 1, 1]
endsh4 [3, 3, 3, 3, 3, 4, 4, 5, 5, 5, 5, 5, 6, 6, 6, 6, 6, 6, 6, 5, 5, 5, 5, 5, 5, 5, 5, 5, 5, 5, 5, 5, 4, 4, 4, 4, 3, 3, 3, 2, 2, 2, 1, 1, 1, 1, 1, 1, 1, 4, 4, 4, 4, 4, 4, 4, 4, 4, 4, 4, 4, 4, 4, 4, 4, 4, 4, 4, 4, 4, 4, 4, 4, 4, 4, 4, 4, 4, 4, 4, 4, 4, 4, 4, 4, 4, 4, 4, 4, 4, 4, 4, 4, 4, 4, 4, 4, 4, 4, 4, 4, 4, 4, 4, 4, 4, 4, 4, 4, 4, 4, 4, 4, 4, 4, 4, 4, 4, 4, 4, 4, 4, 4, 4, 4, 4, 4, 4, 4, 4, 4, 4, 4, 4, 4, 4, 4, 4, 4, 4, 4, 4, 4, 4, 4, 4, 4, 4, 4, 4, 4, 4, 4, 4, 4, 4, 4, 4, 4, 4, 4, 4, 4, 4, 4, 4, 4, 4, 4, 4, 4, 4, 4, 4, 4, 4, 4, 4, 4, 4, 4, 4, 4, 4, 4, 4, 4, 4, 4, 4, 4, 4, 4, 4, 4, 4, 4, 4, 4, 4, 4, 4, 4, 4, 4, 4, 4, 4, 4, 4, 4, 4, 4, 4, 4, 4, 4, 4, 4, 4, 4, 4, 4, 4, 4, 4, 4, 4, 4, 4, 4, 4, 4, 4, 4, 4, 4, 4, 4, 4, 4, 4, 4, 4, 4, 4, 4, 4, 4, 4, 4, 4, 4, 4, 4, 4, 4, 4, 4, 4, 4, 4, 4, 4, 4, 4, 4, 4, 4, 4, 4, 4, 4, 4, 4, 4, 4, 4, 4, 4, 4, 4, 4, 4, 4, 4, 4, 4, 4, 4, 4, 4, 4, 4, 4, 4, 4, 4, 4, 4, 4, 4, 4, 4, 4, 4, 4, 4, 4, 4, 4, 4, 4, 4, 4, 4, 4, 4, 4, 4, 4, 4, 4, 4, 4, 4, 4, 4, 4, 4, 4, 4, 4, 4, 4, 4, 4, 4, 4, 4, 4, 4, 4, 4, 4, 4, 4, 4, 4, 4, 4, 4, 4, 4, 4, 4, 4, 4, 4, 4, 4, 4, 4, 4, 4, 4, 4, 4, 4, 4, 1, 1, 1, 2, 2, 3, 3, 4, 4, 5, 5, 5, 6, 6, 6, 6, 7, 6, 6, 6, 6, 6, 6, 6, 5, 5, 5, 5, 4, 4, 4, 3, 3, 2, 2, 1, 1, 1, 1, 1] [] []
endsh4_2 [40, 40, 40, 40, 40, 40] [] []
endsh5_i [3, 40, 40, 40] [] [1, 1, 1]
endsh5 [3, 3, 3, 4, 4, 4, 5, 5, 5, 5, 5, 5, 6, 6, 6, 6, 6, 6, 6, 6, 5, 5, 5, 5, 6, 5, 6, 5, 5, 5, 5, 5, 4, 4, 4, 4, 4, 3, 3, 2, 2, 1, 1, 1, 4, 4, 4, 4, 4, 4, 4, 4, 4, 4, 4, 4, 4, 4, 4, 4, 4, 4, 4, 4, 4, 4, 4, 4, 4, 4, 4, 4, 4, 4, 4, 4, 4, 4, 4, 4, 4, 4, 4, 4, 4, 4, 4, 4, 4, 4, 4, 4, 4, 4, 4, 4, 4, 4, 4, 4, 4, 4, 4, 4, 4, 4, 4, 4, 4, 4, 4, 4, 4, 4, 4, 4, 4, 4, 4, 4, 4, 4, 4, 4, 4, 4, 4, 4, 4, 4, 4, 4, 4, 4, 4, 4, 4, 4, 4, 4, 4, 4, 4, 4, 4, 4, 4, 4, 4, 4, 4, 4, 4, 4, 4, 4, 4, 4, 4, 4, 4, 4, 4, 4, 4, 4, 4, 4, 4, 4, 4, 4, 4, 4, 4, 4, 4, 4, 4, 4, 4, 4, 4, 4, 4, 4, 4, 4, 4, 4, 4, 4, 4, 4, 4, 4, 4, 4, 4, 4, 4, 4, 4, 4, 4, 4, 4, 4, 4, 4, 4, 4, 4, 4, 4, 4, 4, 4, 4, 4, 4, 4, 4, 4, 4, 4, 4, 4, 4, 4, 4, 4, 4, 4, 4, 4, 4, 4, 4, 4, 4, 4, 4, 4, 4, 4, 4, 4, 4, 4, 4, 4, 4, 4, 4, 4, 4, 4, 4, 4, 4, 4, 4, 4, 4, 4, 4, 4, 4, 4, 4, 4, 4, 4, 4, 4, 4, 4, 4, 4, 4, 4, 4, 4, 4, 4, 4, 4, 4, 4, 4, 4, 4, 4, 4, 4, 4, 4, 4, 4, 4, 4, 4, 4, 4, 4, 4, 4, 4, 4, 4, 4, 4, 4, 4, 4, 4, 4, 4, 4, 4, 4, 4, 4, 4, 4, 4, 4, 4, 4, 4, 4, 4, 4, 4, 4, 4, 4, 4, 4, 4, 4, 4, 4, 4, 4, 4, 4, 4, 4, 4, 4, 4, 4, 4, 4, 4, 4, 4, 4, 4, 4, 4, 4, 4, 4, 4, 4, 4, 4, 4, 4, 4, 4, 4, 4, 4, 4, 4, 4, 4, 4, 4, 4, 4, 4, 4, 4, 4, 4, 4, 4, 4, 4, 4, 4, 4, 4, 4, 4, 4, 4, 4, 4, 1, 1, 1, 2, 2, 3, 3, 4, 5, 5, 5, 6, 7, 8, 8, 8, 8, 8, 8, 7, 6, 6, 5, 4, 4, 4, 3, 3, 2, 2, 1, 1, 1, 1, 1] [] []
endsh5_2 [40, 40, 40, 40, 40, 40] [] []
endsh6_i [3, 40, 40, 40] [] [1, 1, 1]
endsh6 [3, 3, 3, 3, 3, 4, 4, 4, 4, 5, 5, 5, 5, 5, 5, 6, 6, 6, 6, 6, 6, 6, 6, 6, 5, 5, 5, 5, 5, 5, 5, 5, 5, 4, 4, 4, 4, 4, 3, 3, 2, 2, 2, 1, 1, 1, 1, 5, 5, 5, 5, 5, 5, 5, 5, 5, 5, 5, 5, 5, 5, 5, 5, 5, 5, 5, 5, 5, 5, 5, 5, 6, 6, 6, 6, 6, 6, 6, 6, 6, 6, 6, 6, 6, 6, 6, 6, 6, 6, 6, 6, 6, 6, 6, 6, 5, 6, 5, 5, 5, 5, 5, 5, 5, 5, 5, 5, 5, 5, 5, 5, 5, 5, 5, 5, 5, 5, 5, 5, 5, 6, 5, 5, 5, 5, 5, 5, 5, 5, 5, 5, 5, 5, 5, 5, 5, 5, 6, 5, 5, 5, 5, 5, 5, 5, 5, 5, 5, 5, 5, 5, 5, 5, 5, 5, 5, 6, 6, 6, 5, 5, 5, 6, 5, 6, 6, 5, 5, 5, 5, 5, 5, 5, 5, 5, 5, 5, 5, 5, 5, 5, 6, 5, 5, 5, 6, 5, 5, 5, 5, 5, 5, 5, 5, 5, 5, 5, 5, 5, 5, 5, 5, 5, 5, 5, 5, 5, 5, 5, 5, 5, 5, 5, 5, 5, 5, 5, 5, 5, 5, 5, 5, 5, 5, 5, 5, 5, 5, 5, 5, 5, 5, 5, 5, 5, 5, 5, 5, 5, 5, 5, 5, 5, 5, 5, 5, 5, 5, 5, 5, 5, 5, 5, 5, 5, 5, 5, 5, 5, 5, 5, 5, 5, 5, 5, 5, 5, 5, 1, 1, 1, 2, 2, 3, 3, 4, 4, 5, 5, 5, 6, 6, 6, 6, 7, 6, 6, 6, 6, 6, 6, 6, 5, 5, 5, 5, 4, 4, 4, 3, 3, 3, 2, 2, 1, 1, 1, 1, 1, 1] [] []
endsh6_2 [40, 40, 40, 40, 40, 40] [] []
endsh7_i [3, 40, 40, 40] [] [1, 1, 1]
endsh7 [3, 3, 3, 3, 3, 3, 3, 4, 4, 4, 4, 5, 5, 5, 5, 5, 6, 6, 6, 6, 6, 6, 6, 6, 6, 6, 5, 5, 4, 4, 4, 4, 4, 4, 4, 4, 3, 3, 3, 3, 3, 3, 3, 2, 2, 2, 2, 2, 2, 2, 2, 2, 2, 2, 2, 3, 4, 4, 4, 4, 4, 4, 4, 4, 4, 4, 4, 4, 4, 4, 4, 4, 4, 4, 4, 4, 4, 4, 4, 4, 4, 4, 4, 4, 4, 4, 4, 4, 4, 4, 4, 4, 4, 4, 4, 4, 4, 4, 4, 4, 4, 4, 4, 4, 4, 4, 4, 4, 4, 4, 4, 4, 4, 4, 4, 4, 4, 4, 4, 4, 4, 4, 4, 4, 4, 4, 4, 4, 4, 4, 4, 4, 4, 4, 4, 4, 4, 4, 4, 4, 4, 4, 4, 4, 4, 4, 4, 4, 4, 4, 4, 4, 4, 4, 4, 4, 4, 4, 4, 4, 4, 4, 4, 4, 4, 4, 4, 4, 4, 4, 4, 4, 4, 4, 4, 4, 4, 4, 4, 4, 4, 4, 4, 4, 4, 4, 4, 4, 4, 4, 4, 4, 4, 4, 4, 4, 4, 4, 4, 4, 4, 4, 4, 4, 4, 4, 4, 4, 4, 4, 4, 4, 4, 4, 4, 4, 4, 4, 4, 4, 4, 4, 4, 4, 4, 4, 4, 4, 4, 4, 4, 4, 4, 4, 4, 4, 4, 3, 3, 3, 3, 2, 2, 2, 2, 2, 2, 1, 1, 1, 1, 1, 1, 1, 1] [] []
endsh7_2 [40] [] []
gan_i [3, 40] [] [1]
gan [3, 3, 3, 3, 3, 3, 3, 3, 3, 3, 3, 3, 3, 3, 3, 3, 3, 3, 3, 3, 2, 2, 2, 3, 3, 3, 2, 2, 3, 3, 3, 3, 3, 2, 2, 3, 3, 2, 3, 3, 3, 2, 2, 3, 2, 2, 3, 3, 2, 3, 3, 3, 2, 3, 3, 3, 3, 3, 3, 3, 3, 3, 3, 3, 3, 3, 3, 3, 3, 3, 3, 3, 3, 3, 3, 3, 3, 3, 3, 3, 3, 3, 3, 3, 3, 3, 3, 3, 3, 3, 3, 3, 3, 3, 2, 2, 2, 2, 2, 2, 2, 2, 1, 1, 1, 1, 2, 2, 2, 2, 2, 2, 4, 2, 2, 2, 2, 2, 2, 2, 2, 3, 2, 2, 2, 2, 2, 2, 2, 2, 2, 2, 3, 2, 2, 2, 2, 2, 2, 2, 2, 7, 6, 7, 7, 7, 8, 6, 10, 10, 11, 11, 8, 11, 8, 12, 12, 11, 14, 14, 14, 15, 13, 17, 17, 1] [] []
gan2 [40, 40, 40, 40] [] []
gan3_i [5, 40] [] [1]
gan4 [5, 5, 5, 5, 5, 5, 5, 5, 5, 5, 5, 5, 5, 5, 5, 5, 5, 5, 5, 5, 5, 5, 5, 5, 5, 5, 5, 5, 5, 5, 5, 5, 5, 5, 5, 5, 5, 5, 5, 5, 5, 5, 5, 5, 5, 5, 5, 5, 5, 5, 5, 5, 5, 5, 5, 5, 5, 5, 5, 5, 5, 5, 5, 5, 5, 5, 5, 5, 5, 5, 5, 5, 5, 5, 5, 5, 5, 5, 5, 5, 5, 5, 5, 5, 5, 5, 5, 5, 5, 5, 5, 5, 5, 5, 5, 5, 5, 5, 5, 5, 5, 5, 5, 5, 5, 5, 5, 5, 5, 5, 5, 5, 5, 5, 5, 5, 5, 5, 5, 5, 5, 5, 5, 5, 5, 5, 5, 5, 5, 5, 5, 5, 5, 5, 5, 5, 5, 5, 5, 5, 5, 5, 5, 5, 5, 5, 5, 5, 5, 5, 5, 5, 5, 5, 5, 5, 5, 5, 5, 5, 5, 5, 5, 5, 5, 5, 5, 5, 5, 5, 5, 5, 5, 5, 5, 5, 5, 5, 5, 5, 5, 5, 5, 5, 5, 5, 5, 5, 5, 5, 5, 5, 5, 5, 5, 5, 5, 5, 5, 5, 5, 5, 5, 5, 5, 5, 5, 5, 5, 5, 5, 5, 5, 5, 5, 5, 5, 5, 5, 5, 5, 5, 5, 5, 5, 5, 5, 5, 5, 5, 5, 5, 5, 5, 5, 5, 5, 5, 5, 5, 5, 5, 5, 5, 5, 5, 5, 5, 5, 5, 5, 5, 5, 5, 5, 5, 5, 5, 5, 5, 5, 5, 5, 5, 5, 5, 5, 5, 5, 5, 5, 5, 5, 5, 5, 5, 5, 5, 5, 5, 5, 5, 5, 5, 5, 5, 5, 5, 5, 5, 5, 5, 5, 5, 5, 5, 5, 5, 5, 5, 5, 5, 5, 5, 5, 5, 5, 5, 5] [] []
gan5 [40] [] []
str [40, 0] [] []
ResourceTreeSet(count=5, base=20, list=40)
Mismatched set node size; expected 9960 found 40
j15 [40, 2] [] [1, 9, 1, 10, 4, 5, 4, 1, 1, 12]
k15 [40, 3] [] [1, 9, 1, 10, 4, 2, 4, 1, 1, 10]
k14 [40, 5] [] [1, 9, 1, 10, 4, 15, 4, 1, 1, 12]
l14 [40, 4] [] [1, 9, 1, 10, 4, 7, 4, 1, 1, 12]
l14a [40, 4] [] [1, 9, 1, 10, 4, 2, 4, 1, 1, 12]
k13 [40, 2] [] [1, 9, 1, 10, 4, 14, 4, 1, 1, 4]
k13a [40, 3] [] [1, 9, 1, 10, 4, 8, 4, 1, 1, 12]
k13b [40, 3] [] [1, 9, 1, 10, 4, 5, 4, 1, 1, 12]
l13 [40, 5] [] [1, 9, 1, 10, 4, 20, 4, 1, 1, 12]
l13a [40, 2] [] [1, 9, 1, 10, 4, 4, 4, 1, 1, 12]
l15 [40, 3] [] [1, 9, 1, 10, 4, 3, 4, 1, 1, 12]
m15 [40, 2] [] [1, 9, 1, 10, 4, 2, 4, 1, 1, 10]
n15 [40, 1] [] [1, 9, 1, 10, 4, 3, 4, 1, 1, 7]
o15 [40, 2] [] [1, 9, 1, 10, 4, 12, 4, 1, 1, 11]
p15 [40, 4] [] [1, 9, 1, 10, 4, 16, 4, 1, 1, 12]
p11 [40, 3] [] [1, 9, 1, 10, 4, 12, 4, 1, 1, 11]
j16 [40, 4] [] [1, 9, 1, 10, 4, 2, 4, 1, 1, 10]
k16 [40, 3] [] [1, 9, 1, 10, 4, 2, 4, 1, 1, 10]
l16 [40, 4] [] [1, 9, 1, 10, 4, 2, 4, 1, 1, 10]
m16 [40, 1] [] [1, 9, 1, 10, 4, 2, 4, 1, 1, 10]
n16 [40, 2] [] [1, 9, 1, 10, 4, 6, 4, 1, 1, 8]
z1 [40, 4] [] [1, 9, 1, 10, 4, 2, 4, 1, 1, 12]
z2 [40, 2] [] [1, 9, 1, 10, 4, 2, 4, 1, 1, 11]
y3 [40, 1] [] [1, 9, 1, 10, 4, 6, 4, 1, 1, 12]
z3 [40, 2] [] [1, 9, 1, 10, 4, 13, 4, 1, 1, 12]
y4 [40, 1] [] [1, 9, 1, 10, 4, 2, 4, 1, 1, 11]
z4 [40, 3] [] [1, 9, 1, 10, 4, 17, 4, 1, 1, 8]
v5 [40, 2] [] [1, 9, 1, 10, 4, 6, 4, 1, 1, 12]
y5 [40, 3] [] [1, 9, 1, 10, 4, 6, 4, 1, 1, 12]
z5 [40, 3] [] [1, 9, 1, 10, 4, 15, 4, 1, 1, 12]
w5 [40, 1] [] [1, 9, 1, 10, 4, 19, 4, 1, 1, 12]
x5 [40, 2] [] [1, 9, 1, 10, 4, 6, 4, 1, 1, 12]
v6 [40, 2] [] [1, 9, 1, 10, 4, 1, 4, 1, 1, 12]
w6 [40, 1] [] [1, 9, 1, 10, 4, 1, 4, 1, 1, 12]
x6 [40, 1] [] [1, 9, 1, 10, 4, 2, 4, 1, 1, 11]
y6 [40, 1] [] [1, 9, 1, 10, 4, 20, 4, 1, 1, 11]
z6 [40, 2] [] [1, 9, 1, 10, 4, 17, 4, 1, 1, 8]
v7 [40, 2] [] [1, 9, 1, 10, 4, 2, 4, 1, 1, 7]
w7 [40, 1] [] [1, 9, 1, 10, 4, 6, 4, 1, 1, 12]
x7 [40, 3] [] [1, 9, 1, 10, 4, 2, 4, 1, 1, 11]
v8 [40, 2] [] [1, 9, 1, 10, 4, 2, 4, 1, 1, 11]
w8 [40, 2] [] [1, 9, 1, 10, 4, 3, 4, 1, 1, 12]
x8 [40, 4] [] [1, 9, 1, 10, 4, 2, 4, 1, 1, 7]
v9 [40, 2] [] [1, 9, 1, 10, 4, 2, 4, 1, 1, 10]
w9 [40, 2] [] [1, 9, 1, 10, 4, 2, 4, 1, 1, 7]
x9 [40, 3] [] [1, 9, 1, 10, 4, 2, 4, 1, 1, 10]
v10 [40, 3] [] [1, 9, 1, 10, 4, 2, 4, 1, 1, 10]
w10 [40, 5] [] [1, 9, 1, 10, 4, 4, 4, 1, 1, 2]
x10 [40, 2] [] [1, 9, 1, 10, 4, 1, 4, 1, 1, 12]
v11 [40, 3] [] [1, 9, 1, 10, 4, 9, 4, 1, 1, 2]
w11 [40, 3] [] [1, 9, 1, 10, 4, 1, 4, 1, 1, 12]
x11 [40, 4] [] [1, 9, 1, 10, 4, 6, 4, 1, 1, 12]
v12 [40, 2] [] [1, 9, 1, 10, 4, 3, 4, 1, 1, 10]
w12 [40, 1] [] [1, 9, 1, 10, 4, 2, 4, 1, 1, 11]
x12 [40, 3] [] [1, 9, 1, 10, 4, 1, 4, 1, 1, 11]
a7 [40, 3] [] [1, 9, 1, 10, 4, 4, 4, 1, 1, 12]
b7 [40, 6] [] [1, 9, 1, 10, 4, 1, 4, 1, 1, 12]
c7 [40, 3] [] [1, 9, 1, 10, 4, 4, 4, 1, 1, 12]
d7 [40, 3] [] [1, 9, 1, 10, 4, 4, 4, 1, 1, 12]
e7 [40, 3] [] [1, 9, 1, 10, 4, 4, 4, 1, 1, 2]
f7 [40, 5] [] [1, 9, 1, 10, 4, 2, 4, 1, 1, 8]
a8 [40, 4] [] [1, 9, 1, 10, 4, 4, 4, 1, 1, 12]
b8 [40, 3] [] [1, 9, 1, 10, 4, 8, 4, 1, 1, 5]
c8 [40, 3] [] [1, 9, 1, 10, 4, 8, 4, 1, 1, 12]
d8 [40, 3] [] [1, 9, 1, 10, 4, 2, 4, 1, 1, 10]
e8 [40, 4] [] [1, 9, 1, 10, 4, 2, 4, 1, 1, 10]
f8 [40, 2] [] [1, 9, 1, 10, 4, 1, 4, 1, 1, 12]
e9 [40, 7] [] [1, 9, 1, 10, 4, 8, 4, 1, 1, 5]
f9 [40, 5] [] [1, 9, 1, 10, 4, 3, 4, 1, 1, 7]
g9 [40, 5] [] [1, 9, 1, 10, 4, 13, 4, 1, 1, 2]
h9 [40, 5] [] [1, 9, 1, 10, 4, 3, 4, 1, 1, 2]
e10 [40, 8] [] [1, 9, 1, 10, 4, 1, 4, 1, 1, 12]
f10 [40, 3] [] [1, 9, 1, 10, 4, 2, 4, 1, 1, 12]
g10 [40, 6] [] [1, 9, 1, 10, 4, 1, 4, 1, 1, 12]
h10 [40, 3] [] [1, 9, 1, 10, 4, 9, 4, 1, 1, 5]
i10 [40, 7] [] [1, 9, 1, 10, 4, 8, 4, 1, 1, 5]
g11 [40, 6] [] [1, 9, 1, 10, 4, 1, 4, 1, 1, 7]
h11 [40, 9] [] [1, 9, 1, 10, 4, 1, 4, 1, 1, 12]
i11 [40, 9] [] [1, 9, 1, 10, 4, 1, 4, 1, 1, 12]
w13 [40, 2] [] [1, 9, 1, 10, 4, 1, 4, 1, 1, 12]
w14 [40, 2] [] [1, 9, 1, 10, 4, 1, 4, 1, 1, 12]
z13 [40, 3] [] [1, 9, 1, 10, 4, 6, 4, 1, 1, 12]
l8 [40, 7] [] [1, 9, 1, 10, 4, 2, 4, 1, 1, 12]
m8 [40, 7] [] [1, 9, 1, 10, 4, 3, 4, 1, 1, 10]
n8 [40, 7] [] [1, 9, 1, 10, 4, 15, 4, 1, 1, 12]
o8 [40, 5] [] [1, 9, 1, 10, 4, 1, 4, 1, 1, 12]
p8 [40, 4] [] [1, 9, 1, 10, 4, 11, 4, 1, 1, 2]
l9 [40, 8] [] [1, 9, 1, 10, 4, 3, 4, 1, 1, 10]
m9 [40, 8] [] [1, 9, 1, 10, 4, 3, 4, 1, 1, 10]
n9 [40, 7] [] [1, 9, 1, 10, 4, 3, 4, 1, 1, 12]
o9 [40, 4] [] [1, 9, 1, 10, 4, 17, 4, 1, 1, 8]
p9 [40, 8] [] [1, 9, 1, 10, 4, 17, 4, 1, 1, 8]
j10 [40, 10] [] [1, 9, 1, 10, 4, 2, 4, 1, 1, 8]
k10 [40, 8] [] [1, 9, 1, 10, 4, 3, 4, 1, 1, 7]
l10 [40, 10] [] [1, 9, 1, 10, 4, 15, 4, 1, 1, 12]
m10 [40, 10] [] [1, 9, 1, 10, 4, 16, 4, 1, 1, 8]
n10 [40, 10] [] [1, 9, 1, 10, 4, 3, 4, 1, 1, 7]
o10 [40, 10] [] [1, 9, 1, 10, 4, 17, 4, 1, 1, 8]
p10 [40, 6] [] [1, 9, 1, 10, 4, 17, 4, 1, 1, 8]
j11 [40, 3] [] [1, 9, 1, 10, 4, 11, 4, 1, 1, 5]
k11 [40, 10] [] [1, 9, 1, 10, 4, 1, 4, 1, 1, 12]
l11 [40, 10] [] [1, 9, 1, 10, 4, 7, 4, 1, 1, 11]
m11 [40, 13] [] [1, 9, 1, 10, 4, 3, 4, 1, 1, 7]
n11 [40, 6] [] [1, 9, 1, 10, 4, 7, 4, 1, 1, 12]
n11a [40, 3] [] [1, 9, 1, 10, 4, 24, 4, 1, 1, 12]
o11 [40, 10] [] [1, 9, 1, 10, 4, 1, 4, 1, 1, 12]
k12 [40, 8] [] [1, 9, 1, 10, 4, 1, 4, 1, 1, 8]
l12 [40, 5] [] [1, 9, 1, 10, 4, 11, 4, 1, 1, 5]
m12 [40, 12] [] [1, 9, 1, 10, 4, 15, 4, 1, 1, 12]
n12 [40, 9] [] [1, 9, 1, 10, 4, 11, 4, 1, 1, 5]
o12 [40, 9] [] [1, 9, 1, 10, 4, 16, 4, 1, 1, 12]
m13 [40, 3] [] [1, 9, 1, 10, 4, 8, 4, 1, 1, 8]
n13 [40, 7] [] [1, 9, 1, 10, 4, 2, 4, 1, 1, 8]
o13 [40, 8] [] [1, 9, 1, 10, 4, 2, 4, 1, 1, 11]
p12 [40, 3] [] [1, 9, 1, 10, 4, 5, 4, 1, 1, 12]
p13 [40, 3] [] [1, 9, 1, 10, 4, 15, 4, 1, 1, 11]
q13 [40, 2] [] [1, 9, 1, 10, 4, 12, 4, 1, 1, 11]
n14 [40, 2] [] [1, 9, 1, 10, 4, 12, 4, 1, 1, 11]
o14 [40, 3] [] [1, 9, 1, 10, 4, 4, 4, 1, 1, 7]
p14 [40, 2] [] [1, 9, 1, 10, 4, 4, 4, 1, 1, 7]
q14 [40, 3] [] [1, 9, 1, 10, 4, 4, 4, 1, 1, 7]
q15 [40, 5] [] [1, 9, 1, 10, 4, 5, 4, 1, 1, 12]
r15 [40, 2] [] [1, 9, 1, 10, 4, 24, 4, 1, 1, 11]
m14 [40, 5] [] [1, 9, 1, 10, 4, 2, 4, 1, 1, 10]
j17 [40, 3] [] [1, 9, 1, 10, 4, 5, 4, 1, 1, 12]
k17 [40, 5] [] [1, 9, 1, 10, 4, 2, 4, 1, 1, 10]
l17 [40, 2] [] [1, 9, 1, 10, 4, 5, 4, 1, 1, 12]
m17 [40, 2] [] [1, 9, 1, 10, 4, 6, 4, 1, 1, 8]
k18 [40, 4] [] [1, 9, 1, 10, 4, 2, 4, 1, 1, 10]
l18 [40, 2] [] [1, 9, 1, 10, 4, 7, 4, 1, 1, 8]
o16 [40, 2] [] [1, 9, 1, 10, 4, 13, 4, 1, 1, 12]
p16 [40, 2] [] [1, 9, 1, 10, 4, 6, 4, 1, 1, 7]
q16 [40, 2] [] [1, 9, 1, 10, 4, 6, 4, 1, 1, 7]
n17 [40, 3] [] [1, 9, 1, 10, 4, 19, 4, 1, 1, 12]
o17 [40, 2] [] [1, 9, 1, 10, 4, 2, 4, 1, 1, 11]
q17 [40, 2] [] [1, 9, 1, 10, 4, 17, 4, 1, 1, 8]
q18 [40, 2] [] [1, 9, 1, 10, 4, 6, 4, 1, 1, 7]
q19 [40, 2] [] [1, 9, 1, 10, 4, 6, 4, 1, 1, 7]
l19 [40, 3] [] [1, 9, 1, 10, 4, 13, 4, 1, 1, 12]
m19 [40, 2] [] [1, 9, 1, 10, 4, 13, 4, 1, 1, 12]
m18 [40, 2] [] [1, 9, 1, 10, 4, 2, 4, 1, 1, 11]
n18 [40, 2] [] [1, 9, 1, 10, 4, 17, 4, 1, 1, 8]
y14 [40, 5] [] [1, 9, 1, 10, 4, 1, 4, 1, 1, 12]
z14 [40, 5] [] [1, 9, 1, 10, 4, 1, 4, 1, 1, 12]
x15 [40, 3] [] [1, 9, 1, 10, 4, 11, 4, 1, 1, 10]
y15 [40, 4] [] [1, 9, 1, 10, 4, 2, 4, 1, 1, 11]
z15 [40, 4] [] [1, 9, 1, 10, 4, 11, 4, 1, 1, 10]
x16 [40, 3] [] [1, 9, 1, 10, 4, 11, 4, 1, 1, 10]
y16 [40, 2] [] [1, 9, 1, 10, 4, 11, 4, 1, 1, 10]
z16 [40, 2] [] [1, 9, 1, 10, 4, 2, 4, 1, 1, 11]
aa15 [40, 3] [] [1, 9, 1, 10, 4, 4, 4, 1, 1, 12]
aa16 [40, 2] [] [1, 9, 1, 10, 4, 6, 4, 1, 1, 7]
y17 [40, 2] [] [1, 9, 1, 10, 4, 2, 4, 1, 1, 11]
z17 [40, 1] [] [1, 9, 1, 10, 4, 11, 4, 1, 1, 11]
aa17 [40, 2] [] [1, 9, 1, 10, 4, 1, 4, 1, 1, 12]
ab17 [40, 2] [] [1, 9, 1, 10, 4, 2, 4, 1, 1, 12]
ac17 [40, 1] [] [1, 9, 1, 10, 4, 2, 4, 1, 1, 11]
ac18 [40, 2] [] [1, 9, 1, 10, 4, 3, 4, 1, 1, 12]
k19 [40, 8] [] [1, 9, 1, 10, 4, 15, 4, 1, 1, 12]
j20 [40, 5] [] [1, 9, 1, 10, 4, 15, 4, 1, 1, 12]
k20 [40, 8] [] [1, 9, 1, 10, 4, 4, 4, 1, 1, 12]
j21 [40, 7] [] [1, 9, 1, 10, 4, 15, 4, 1, 1, 12]
e20 [40, 3] [] [1, 9, 1, 10, 4, 1, 4, 1, 1, 12]
f20 [40, 2] [] [1, 9, 1, 10, 4, 3, 4, 1, 1, 7]
g20 [40, 2] [] [1, 9, 1, 10, 4, 1, 4, 1, 1, 12]
h20 [40, 3] [] [1, 9, 1, 10, 4, 12, 4, 1, 1, 11]
i20 [40, 2] [] [1, 9, 1, 10, 4, 3, 4, 1, 1, 7]
e21 [40, 2] [] [1, 9, 1, 10, 4, 13, 4, 1, 1, 12]
f21 [40, 1] [] [1, 9, 1, 10, 4, 12, 4, 1, 1, 11]
g21 [40, 1] [] [1, 9, 1, 10, 4, 3, 4, 1, 1, 7]
h21 [40, 2] [] [1, 9, 1, 10, 4, 12, 4, 1, 1, 11]
i21 [40, 2] [] [1, 9, 1, 10, 4, 12, 4, 1, 1, 11]
e22 [40, 1] [] [1, 9, 1, 10, 4, 3, 4, 1, 1, 7]
f22 [40, 3] [] [1, 9, 1, 10, 4, 1, 4, 1, 1, 12]
g22 [40, 3] [] [1, 9, 1, 10, 4, 1, 4, 1, 1, 12]
h22 [40, 1] [] [1, 9, 1, 10, 4, 1, 4, 1, 1, 12]
i22 [40, 2] [] [1, 9, 1, 10, 4, 12, 4, 1, 1, 11]
j22 [40, 3] [] [1, 9, 1, 10, 4, 6, 4, 1, 1, 12]
j22a [40, 3] [] [1, 9, 1, 10, 4, 19, 4, 1, 1, 12]
e23 [40, 1] [] [1, 9, 1, 10, 4, 13, 4, 1, 1, 12]
f23 [40, 2] [] [1, 9, 1, 10, 4, 1, 4, 1, 1, 12]
g23 [40, 3] [] [1, 9, 1, 10, 4, 1, 4, 1, 1, 12]
h23 [40, 2] [] [1, 9, 1, 10, 4, 1, 4, 1, 1, 12]
i23 [40, 1] [] [1, 9, 1, 10, 4, 13, 4, 1, 1, 12]
j23 [40, 1] [] [1, 9, 1, 10, 4, 3, 4, 1, 1, 7]
d24 [40, 2] [] [1, 9, 1, 10, 4, 13, 4, 1, 1, 12]
e24 [40, 2] [] [1, 9, 1, 10, 4, 13, 4, 1, 1, 12]
f24 [40, 2] [] [1, 9, 1, 10, 4, 1, 4, 1, 1, 12]
g24 [40, 2] [] [1, 9, 1, 10, 4, 1, 4, 1, 1, 12]
h24 [40, 2] [] [1, 9, 1, 10, 4, 1, 4, 1, 1, 12]
i24 [40, 1] [] [1, 9, 1, 10, 4, 12, 4, 1, 1, 11]
j24 [40, 3] [] [1, 9, 1, 10, 4, 4, 4, 1, 1, 12]
f25 [40, 3] [] [1, 9, 1, 10, 4, 12, 4, 1, 1, 11]
g25 [40, 3] [] [1, 9, 1, 10, 4, 12, 4, 1, 1, 11]
h25 [40, 3] [] [1, 9, 1, 10, 4, 12, 4, 1, 1, 11]
i25 [40, 5] [] [1, 9, 1, 10, 4, 12, 4, 1, 1, 11]
u19 [40, 2] [] [1, 9, 1, 10, 4, 1, 4, 1, 1, 12]
v19 [40, 2] [] [1, 9, 1, 10, 4, 12, 4, 1, 1, 5]
p20 [40, 2] [] [1, 9, 1, 10, 4, 1, 4, 1, 1, 12]
p20a [40, 3] [] [1, 9, 1, 10, 4, 10, 4, 1, 1, 12]
q20 [40, 2] [] [1, 9, 1, 10, 4, 6, 4, 1, 1, 7]
r20 [40, 2] [] [1, 9, 1, 10, 4, 11, 4, 1, 1, 10]
s20 [40, 2] [] [1, 9, 1, 10, 4, 15, 4, 1, 1, 12]
t20 [40, 2] [] [1, 9, 1, 10, 4, 9, 4, 1, 1, 12]
u20 [40, 3] [] [1, 9, 1, 10, 4, 1, 4, 1, 1, 12]
v20 [40, 3] [] [1, 9, 1, 10, 4, 6, 4, 1, 1, 7]
p21 [40, 4] [] [1, 9, 1, 10, 4, 6, 4, 1, 1, 12]
o22 [40, 3] [] [1, 9, 1, 10, 4, 6, 4, 1, 1, 12]
p22 [40, 3] [] [1, 9, 1, 10, 4, 12, 4, 1, 1, 5]
o23 [40, 3] [] [1, 9, 1, 10, 4, 17, 4, 1, 1, 8]
o24 [40, 3] [] [1, 9, 1, 10, 4, 6, 4, 1, 1, 12]
m25 [40, 2] [] [1, 9, 1, 10, 4, 17, 4, 1, 1, 8]
n25 [40, 3] [] [1, 9, 1, 10, 4, 12, 4, 1, 1, 5]
o25 [40, 3] [] [1, 9, 1, 10, 4, 12, 4, 1, 1, 5]
m26 [40, 4] [] [1, 9, 1, 10, 4, 12, 4, 1, 1, 5]
m27 [40, 4] [] [1, 9, 1, 10, 4, 6, 4, 1, 1, 2]
m28 [40, 4] [] [1, 9, 1, 10, 4, 3, 4, 1, 1, 12]
l27 [40, 1] [] [1, 9, 1, 10, 4, 9, 4, 1, 1, 2]
l27a [40, 2] [] [1, 9, 1, 10, 4, 9, 4, 1, 1, 12]
l28 [40, 4] [] [1, 9, 1, 10, 4, 10, 4, 1, 1, 12]
k28 [40, 2] [] [1, 9, 1, 10, 4, 6, 4, 1, 1, 12]
n28 [40, 5] [] [1, 9, 1, 10, 4, 3, 4, 1, 1, 12]
o28 [40, 4] [] [1, 9, 1, 10, 4, 22, 4, 1, 1, 12]
p28 [40, 4] [] [1, 9, 1, 10, 4, 3, 4, 1, 1, 12]
q28 [40, 3] [] [1, 9, 1, 10, 4, 3, 4, 1, 1, 12]
j25 [40, 6] [] [1, 9, 1, 10, 4, 6, 4, 1, 1, 8]
f26 [40, 11] [] [1, 9, 1, 10, 4, 8, 4, 1, 1, 12]
f28 [40, 7] [] [1, 9, 1, 10, 4, 1, 4, 1, 1, 12]
g28 [40, 13] [] [1, 9, 1, 10, 4, 15, 4, 1, 1, 12]
h28 [40, 9] [] [1, 9, 1, 10, 4, 2, 4, 1, 1, 10]
g26 [40, 8] [] [1, 9, 1, 10, 4, 6, 4, 1, 1, 8]
h26 [40, 5] [] [1, 9, 1, 10, 4, 15, 4, 1, 1, 12]
i26 [40, 10] [] [1, 9, 1, 10, 4, 2, 4, 1, 1, 10]
j26 [40, 8] [] [1, 9, 1, 10, 4, 6, 4, 1, 1, 8]
f27 [40, 7] [] [1, 9, 1, 10, 4, 15, 4, 1, 1, 12]
g27 [40, 10] [] [1, 9, 1, 10, 4, 15, 4, 1, 1, 12]
g29 [40, 9] [] [1, 9, 1, 10, 4, 2, 4, 1, 1, 8]
h29 [40, 8] [] [1, 9, 1, 10, 4, 3, 4, 1, 1, 12]
h27 [40, 8] [] [1, 9, 1, 10, 4, 2, 4, 1, 1, 10]
x14 [40, 2] [] [1, 9, 1, 10, 4, 11, 4, 1, 1, 10]
t14 [40, 4] [] [1, 9, 1, 10, 4, 12, 4, 1, 1, 11]
v15 [40, 4] [] [1, 9, 1, 10, 4, 11, 4, 1, 1, 10]
v16 [40, 5] [] [1, 9, 1, 10, 4, 3, 4, 1, 1, 12]
v16a [40, 2] [] [1, 9, 1, 10, 4, 5, 4, 1, 1, 12]
u14 [40, 3] [] [1, 9, 1, 10, 4, 11, 4, 1, 1, 10]
v14 [40, 2] [] [1, 9, 1, 10, 4, 6, 4, 1, 1, 12]
r18 [40, 4] [] [1, 9, 1, 10, 4, 11, 4, 1, 1, 5]
s18 [40, 3] [] [1, 9, 1, 10, 4, 2, 4, 1, 1, 12]
t18 [40, 2] [] [1, 9, 1, 10, 4, 7, 4, 1, 1, 12]
u18 [40, 3] [] [1, 9, 1, 10, 4, 5, 4, 1, 1, 12]
r17 [40, 3] [] [1, 9, 1, 10, 4, 16, 4, 1, 1, 5]
s17 [40, 3] [] [1, 9, 1, 10, 4, 2, 4, 1, 1, 12]
t17 [40, 3] [] [1, 9, 1, 10, 4, 2, 4, 1, 1, 12]
u17 [40, 6] [] [1, 9, 1, 10, 4, 1, 4, 1, 1, 10]
v17 [40, 4] [] [1, 9, 1, 10, 4, 1, 4, 1, 1, 5]
r16 [40, 3] [] [1, 9, 1, 10, 4, 1, 4, 1, 1, 12]
s16 [40, 2] [] [1, 9, 1, 10, 4, 22, 4, 1, 1, 10]
t16 [40, 2] [] [1, 9, 1, 10, 4, 22, 4, 1, 1, 10]
u16 [40, 7] [] [1, 9, 1, 10, 4, 5, 4, 1, 1, 12]
s15 [40, 5] [] [1, 9, 1, 10, 4, 1, 4, 1, 1, 12]
t15 [40, 4] [] [1, 9, 1, 10, 4, 16, 4, 1, 1, 5]
u15 [40, 5] [] [1, 9, 1, 10, 4, 12, 4, 1, 1, 11]
w15 [40, 2] [] [1, 9, 1, 10, 4, 11, 4, 1, 1, 10]
w16 [40, 2] [] [1, 9, 1, 10, 4, 7, 4, 1, 1, 11]
r19 [40, 5] [] [1, 9, 1, 10, 4, 1, 4, 1, 1, 12]
t19 [40, 3] [] [1, 9, 1, 10, 4, 1, 4, 1, 1, 12]
s19 [40, 3] [] [1, 9, 1, 10, 4, 1, 4, 1, 1, 12]
v18 [40, 2] [] [1, 9, 1, 10, 4, 11, 4, 1, 1, 10]
g30 [40, 10] [] [1, 9, 1, 10, 4, 2, 4, 1, 1, 8]
g31 [40, 6] [] [1, 9, 1, 10, 4, 2, 4, 1, 1, 8]
g32 [40, 4] [] [1, 9, 1, 10, 4, 1, 4, 1, 1, 12]
q8 [40, 3] [] [1, 9, 1, 10, 4, 15, 4, 1, 1, 12]
q9 [40, 2] [] [1, 9, 1, 10, 4, 6, 4, 1, 1, 8]
q10 [40, 6] [] [1, 9, 1, 10, 4, 2, 4, 1, 1, 10]
r5 [40, 2] [] [1, 9, 1, 10, 4, 2, 4, 1, 1, 10]
r6 [40, 2] [] [1, 9, 1, 10, 4, 6, 4, 1, 1, 8]
r7 [40, 1] [] [1, 9, 1, 10, 4, 15, 4, 1, 1, 12]
r8 [40, 1] [] [1, 9, 1, 10, 4, 2, 4, 1, 1, 10]
r9 [40, 2] [] [1, 9, 1, 10, 4, 18, 4, 1, 1, 2]
r10 [40, 5] [] [1, 9, 1, 10, 4, 6, 4, 1, 1, 2]
s5 [40, 6] [] [1, 9, 1, 10, 4, 2, 4, 1, 1, 12]
s6 [40, 2] [] [1, 9, 1, 10, 4, 15, 4, 1, 1, 10]
s7 [40, 2] [] [1, 9, 1, 10, 4, 21, 4, 1, 1, 12]
s8 [40, 1] [] [1, 9, 1, 10, 4, 6, 4, 1, 1, 8]
t6 [40, 3] [] [1, 9, 1, 10, 4, 1, 4, 1, 1, 12]
t8 [40, 3] [] [1, 9, 1, 10, 4, 15, 4, 1, 1, 12]
r28 [40, 4] [] [1, 9, 1, 10, 4, 1, 4, 1, 1, 12]
r29 [40, 5] [] [1, 9, 1, 10, 4, 1, 4, 1, 1, 12]
q29 [40, 3] [] [1, 9, 1, 10, 4, 1, 4, 1, 1, 12]
s101 [40, 4] [] [1, 9, 1, 10, 4, 1, 4, 1, 1, 10]
s101a [40, 1] [] [1, 9, 1, 10, 4, 3, 4, 1, 1, 10]
s201 [40, 3] [] [1, 9, 1, 10, 4, 2, 4, 1, 1, 12]
s301 [40, 2] [] [1, 9, 1, 10, 4, 15, 4, 1, 1, 12]
s401 [40, 5] [] [1, 9, 1, 10, 4, 1, 4, 1, 1, 12]
s501 [40, 4] [] [1, 9, 1, 10, 4, 2, 4, 1, 1, 5]
s601 [40, 4] [] [1, 9, 1, 10, 4, 6, 4, 1, 1, 12]
s701 [40, 2] [] [1, 9, 1, 10, 4, 1, 4, 1, 1, 12]
s214 [40, 4] [] [1, 9, 1, 10, 4, 3, 4, 1, 1, 6]
s415 [40, 5] [] [1, 9, 1, 10, 4, 15, 4, 1, 1, 12]
s613 [40, 4] [] [1, 9, 1, 10, 4, 11, 4, 1, 1, 4]
gl1 [40, 3] [] [1, 9, 1, 10, 4, 21, 4, 1, 1, 12]
m25a [40, 2] [] [1, 9, 1, 10, 4, 6, 4, 1, 1, 12]
o11a [40, 10] [] [1, 9, 1, 10, 4, 2, 4, 1, 1, 12]
t6a [40, 6] [] [1, 9, 1, 10, 4, 1, 4, 1, 1, 12]
j21a [40, 6] [] [1, 9, 1, 10, 4, 1, 4, 1, 1, 12]
ResourceTreeSet(count=5, base=20, list=40)
Mismatched set node size; expected 6370 found 40
s101 [40, 4] [] [1, 9, 1, 10, 4, 1, 4, 1, 1, 10]
s102 [40, 4] [] [1, 9, 1, 10, 4, 2, 4, 1, 1, 12]
s103 [40, 6] [] [1, 9, 1, 10, 4, 2, 4, 1, 1, 10]
s104 [40, 9] [] [1, 9, 1, 10, 4, 2, 4, 1, 1, 10]
s105 [40, 3] [] [1, 9, 1, 10, 4, 3, 4, 1, 1, 11]
s106 [40, 7] [] [1, 9, 1, 10, 4, 3, 4, 1, 1, 11]
s107 [40, 3] [] [1, 9, 1, 10, 4, 12, 4, 1, 1, 4]
s108 [40, 5] [] [1, 9, 1, 10, 4, 3, 4, 1, 1, 12]
s109 [40, 7] [] [1, 9, 1, 10, 4, 1, 4, 1, 1, 12]
s110 [40, 6] [] [1, 9, 1, 10, 4, 3, 4, 1, 1, 11]
s111 [40, 9] [] [1, 9, 1, 10, 4, 3, 4, 1, 1, 11]
s112 [40, 7] [] [1, 9, 1, 10, 4, 12, 4, 1, 1, 4]
s113 [40, 6] [] [1, 9, 1, 10, 4, 1, 4, 1, 1, 12]
s114 [40, 9] [] [1, 9, 1, 10, 4, 1, 4, 1, 1, 12]
s115 [40, 8] [] [1, 9, 1, 10, 4, 5, 4, 1, 1, 11]
s116 [40, 8] [] [1, 9, 1, 10, 4, 5, 4, 1, 1, 10]
s117 [40, 10] [] [1, 9, 1, 10, 4, 1, 4, 1, 1, 12]
s118 [40, 5] [] [1, 9, 1, 10, 4, 21, 4, 1, 1, 10]
s119 [40, 6] [] [1, 9, 1, 10, 4, 3, 4, 1, 1, 12]
s120 [40, 5] [] [1, 9, 1, 10, 4, 14, 4, 1, 1, 4]
s121 [40, 2] [] [1, 9, 1, 10, 4, 20, 4, 1, 1, 12]
s122 [40, 2] [] [1, 9, 1, 10, 4, 1, 4, 1, 1, 12]
s201 [40, 3] [] [1, 9, 1, 10, 4, 2, 4, 1, 1, 12]
s202 [40, 6] [] [1, 9, 1, 10, 4, 12, 4, 1, 1, 12]
s203 [40, 3] [] [1, 9, 1, 10, 4, 14, 4, 1, 1, 10]
s204 [40, 4] [] [1, 9, 1, 10, 4, 12, 4, 1, 1, 12]
s205 [40, 2] [] [1, 9, 1, 10, 4, 1, 4, 1, 1, 12]
s206 [40, 5] [] [1, 9, 1, 10, 4, 14, 4, 1, 1, 12]
s207 [40, 3] [] [1, 9, 1, 10, 4, 4, 4, 1, 1, 2]
s208 [40, 8] [] [1, 9, 1, 10, 4, 1, 4, 1, 1, 12]
s209 [40, 6] [] [1, 9, 1, 10, 4, 13, 4, 1, 1, 12]
s210 [40, 10] [] [1, 9, 1, 10, 4, 12, 4, 1, 1, 12]
s211 [40, 4] [] [1, 9, 1, 10, 4, 12, 4, 1, 1, 12]
s212 [40, 2] [] [1, 9, 1, 10, 4, 2, 4, 1, 1, 6]
s213 [40, 4] [] [1, 9, 1, 10, 4, 3, 4, 1, 1, 6]
s214 [40, 4] [] [1, 9, 1, 10, 4, 3, 4, 1, 1, 6]
s215 [40, 6] [] [1, 9, 1, 10, 4, 16, 4, 1, 1, 12]
s216 [40, 4] [] [1, 9, 1, 10, 4, 13, 4, 1, 1, 12]
s217 [40, 5] [] [1, 9, 1, 10, 4, 8, 4, 1, 1, 12]
s218 [40, 8] [] [1, 9, 1, 10, 4, 12, 4, 1, 1, 10]
s219 [40, 5] [] [1, 9, 1, 10, 4, 14, 4, 1, 1, 10]
s220 [40, 4] [] [1, 9, 1, 10, 4, 2, 4, 1, 1, 11]
s221 [40, 5] [] [1, 9, 1, 10, 4, 2, 4, 1, 1, 11]
s222 [40, 8] [] [1, 9, 1, 10, 4, 7, 4, 1, 1, 11]
s223 [40, 5] [] [1, 9, 1, 10, 4, 9, 4, 1, 1, 12]
s224 [40, 4] [] [1, 9, 1, 10, 4, 23, 4, 1, 1, 12]
s225 [40, 4] [] [1, 9, 1, 10, 4, 1, 4, 1, 1, 12]
s301 [40, 2] [] [1, 9, 1, 10, 4, 15, 4, 1, 1, 12]
s302 [40, 4] [] [1, 9, 1, 10, 4, 2, 4, 1, 1, 12]
s303 [40, 7] [] [1, 9, 1, 10, 4, 1, 4, 1, 1, 12]
s304 [40, 2] [] [1, 9, 1, 10, 4, 4, 4, 1, 1, 4]
s305 [40, 5] [] [1, 9, 1, 10, 4, 1, 4, 1, 1, 10]
s306 [40, 5] [] [1, 9, 1, 10, 4, 1, 4, 1, 1, 10]
s307 [40, 6] [] [1, 9, 1, 10, 4, 8, 4, 1, 1, 10]
s308 [40, 4] [] [1, 9, 1, 10, 4, 3, 4, 1, 1, 6]
s309 [40, 4] [] [1, 9, 1, 10, 4, 2, 4, 1, 1, 6]
s310 [40, 5] [] [1, 9, 1, 10, 4, 5, 4, 1, 1, 4]
s311 [40, 2] [] [1, 9, 1, 10, 4, 5, 4, 1, 1, 4]
s312 [40, 2] [] [1, 9, 1, 10, 4, 3, 4, 1, 1, 12]
s313 [40, 4] [] [1, 9, 1, 10, 4, 4, 4, 1, 1, 12]
s314 [40, 7] [] [1, 9, 1, 10, 4, 10, 4, 1, 1, 10]
s315 [40, 5] [] [1, 9, 1, 10, 4, 3, 4, 1, 1, 11]
s316 [40, 5] [] [1, 9, 1, 10, 4, 11, 4, 1, 1, 11]
s317 [40, 6] [] [1, 9, 1, 10, 4, 3, 4, 1, 1, 12]
s318 [40, 5] [] [1, 9, 1, 10, 4, 10, 4, 1, 1, 11]
s319 [40, 5] [] [1, 9, 1, 10, 4, 4, 4, 1, 1, 10]
s320 [40, 5] [] [1, 9, 1, 10, 4, 8, 4, 1, 1, 11]
s321 [40, 2] [] [1, 9, 1, 10, 4, 14, 4, 1, 1, 8]
s322 [40, 2] [] [1, 9, 1, 10, 4, 1, 4, 1, 1, 12]
s401 [40, 5] [] [1, 9, 1, 10, 4, 1, 4, 1, 1, 12]
s402 [40, 4] [] [1, 9, 1, 10, 4, 2, 4, 1, 1, 7]
s403 [40, 5] [] [1, 9, 1, 10, 4, 2, 4, 1, 1, 7]
s404 [40, 4] [] [1, 9, 1, 10, 4, 2, 4, 1, 1, 7]
s405 [40, 7] [] [1, 9, 1, 10, 4, 1, 4, 1, 1, 12]
s406 [40, 9] [] [1, 9, 1, 10, 4, 19, 4, 1, 1, 12]
s407 [40, 5] [] [1, 9, 1, 10, 4, 19, 4, 1, 1, 12]
s408 [40, 5] [] [1, 9, 1, 10, 4, 1, 4, 1, 1, 2]
s409 [40, 6] [] [1, 9, 1, 10, 4, 1, 4, 1, 1, 12]
s411 [40, 5] [] [1, 9, 1, 10, 4, 15, 4, 1, 1, 12]
s412 [40, 4] [] [1, 9, 1, 10, 4, 15, 4, 1, 1, 12]
s414 [40, 5] [] [1, 9, 1, 10, 4, 1, 4, 1, 1, 2]
s415 [40, 5] [] [1, 9, 1, 10, 4, 15, 4, 1, 1, 12]
s416 [40, 5] [] [1, 9, 1, 10, 4, 12, 4, 1, 1, 12]
s417 [40, 2] [] [1, 9, 1, 10, 4, 12, 4, 1, 1, 12]
s418 [40, 2] [] [1, 9, 1, 10, 4, 6, 4, 1, 1, 12]
s419 [40, 3] [] [1, 9, 1, 10, 4, 12, 4, 1, 1, 12]
s420 [40, 4] [] [1, 9, 1, 10, 4, 5, 4, 1, 1, 12]
s421 [40, 4] [] [1, 9, 1, 10, 4, 10, 4, 1, 1, 12]
s422 [40, 5] [] [1, 9, 1, 10, 4, 18, 4, 1, 1, 12]
s423 [40, 4] [] [1, 9, 1, 10, 4, 1, 4, 1, 1, 12]
s501 [40, 4] [] [1, 9, 1, 10, 4, 2, 4, 1, 1, 10]
s502 [40, 4] [] [1, 9, 1, 10, 4, 1, 4, 1, 1, 10]
s503 [40, 7] [] [1, 9, 1, 10, 4, 3, 4, 1, 1, 7]
s504 [40, 8] [] [1, 9, 1, 10, 4, 1, 4, 1, 1, 10]
s505 [40, 8] [] [1, 9, 1, 10, 4, 1, 4, 1, 1, 10]
s506 [40, 2] [] [1, 9, 1, 10, 4, 1, 4, 1, 1, 7]
s507 [40, 4] [] [1, 9, 1, 10, 4, 1, 4, 1, 1, 11]
s508 [40, 3] [] [1, 9, 1, 10, 4, 14, 4, 1, 1, 6]
s509 [40, 2] [] [1, 9, 1, 10, 4, 2, 4, 1, 1, 7]
s510 [40, 2] [] [1, 9, 1, 10, 4, 7, 4, 1, 1, 11]
s511 [40, 2] [] [1, 9, 1, 10, 4, 7, 4, 1, 1, 11]
s512 [40, 2] [] [1, 9, 1, 10, 4, 1, 4, 1, 1, 12]
s513 [40, 2] [] [1, 9, 1, 10, 4, 14, 4, 1, 1, 6]
s514 [40, 4] [] [1, 9, 1, 10, 4, 2, 4, 1, 1, 12]
s515 [40, 7] [] [1, 9, 1, 10, 4, 7, 4, 1, 1, 12]
s516 [40, 6] [] [1, 9, 1, 10, 4, 21, 4, 1, 1, 12]
s517 [40, 10] [] [1, 9, 1, 10, 4, 17, 4, 1, 1, 12]
s518 [40, 3] [] [1, 9, 1, 10, 4, 1, 4, 1, 1, 12]
s519 [40, 6] [] [1, 9, 1, 10, 4, 22, 4, 1, 1, 6]
s520 [40, 6] [] [1, 9, 1, 10, 4, 22, 4, 1, 1, 6]
s521 [40, 13] [] [1, 9, 1, 10, 4, 14, 4, 1, 1, 6]
s522 [40, 6] [] [1, 9, 1, 10, 4, 8, 4, 1, 1, 11]
s523 [40, 7] [] [1, 9, 1, 10, 4, 17, 4, 1, 1, 12]
s524 [40, 6] [] [1, 9, 1, 10, 4, 3, 4, 1, 1, 6]
s525 [40, 6] [] [1, 9, 1, 10, 4, 20, 4, 1, 1, 11]
s526 [40, 7] [] [1, 9, 1, 10, 4, 1, 4, 1, 1, 12]
s601 [40, 4] [] [1, 9, 1, 10, 4, 6, 4, 1, 1, 12]
s602 [40, 1] [] [1, 9, 1, 10, 4, 1, 4, 1, 1, 12]
s603 [40, 6] [] [1, 9, 1, 10, 4, 16, 4, 1, 1, 3]
s604 [40, 5] [] [1, 9, 1, 10, 4, 10, 4, 1, 1, 3]
s605 [40, 4] [] [1, 9, 1, 10, 4, 5, 4, 1, 1, 12]
s606 [40, 3] [] [1, 9, 1, 10, 4, 11, 4, 1, 1, 12]
s607 [40, 5] [] [1, 9, 1, 10, 4, 3, 4, 1, 1, 3]
s608 [40, 5] [] [1, 9, 1, 10, 4, 6, 4, 1, 1, 12]
s609 [40, 5] [] [1, 9, 1, 10, 4, 6, 4, 1, 1, 12]
s610 [40, 5] [] [1, 9, 1, 10, 4, 1, 4, 1, 1, 12]
s611 [40, 4] [] [1, 9, 1, 10, 4, 5, 4, 1, 1, 12]
s612 [40, 5] [] [1, 9, 1, 10, 4, 22, 4, 1, 1, 2]
s613 [40, 4] [] [1, 9, 1, 10, 4, 11, 4, 1, 1, 4]
s614 [40, 5] [] [1, 9, 1, 10, 4, 3, 4, 1, 1, 8]
s615 [40, 5] [] [1, 9, 1, 10, 4, 11, 4, 1, 1, 4]
s616 [40, 3] [] [1, 9, 1, 10, 4, 1, 4, 1, 1, 10]
s617 [40, 3] [] [1, 9, 1, 10, 4, 11, 4, 1, 1, 4]
s618 [40, 5] [] [1, 9, 1, 10, 4, 7, 4, 1, 1, 12]
s619 [40, 3] [] [1, 9, 1, 10, 4, 10, 4, 1, 1, 3]
s620 [40, 4] [] [1, 9, 1, 10, 4, 20, 4, 1, 1, 2]
s621 [40, 2] [] [1, 9, 1, 10, 4, 20, 4, 1, 1, 2]
s622 [40, 4] [] [1, 9, 1, 10, 4, 8, 4, 1, 1, 12]
s623 [40, 4] [] [1, 9, 1, 10, 4, 1, 4, 1, 1, 10]
s624 [40, 4] [] [1, 9, 1, 10, 4, 1, 4, 1, 1, 10]
s625 [40, 1] [] [1, 9, 1, 10, 4, 11, 4, 1, 1, 4]
s626 [40, 5] [] [1, 9, 1, 10, 4, 13, 4, 1, 1, 4]
s627 [40, 5] [] [1, 9, 1, 10, 4, 1, 4, 1, 1, 10]
s628 [40, 5] [] [1, 9, 1, 10, 4, 21, 4, 1, 1, 12]
s629 [40, 6] [] [1, 9, 1, 10, 4, 1, 4, 1, 1, 12]
s701 [40, 2] [] [1, 9, 1, 10, 4, 1, 4, 1, 1, 12]
s702 [40, 2] [] [1, 9, 1, 10, 4, 1, 4, 1, 1, 12]
s703 [40, 7] [] [1, 9, 1, 10, 4, 11, 4, 1, 1, 2]
s704 [40, 9] [] [1, 9, 1, 10, 4, 11, 4, 1, 1, 2]
s705 [40, 6] [] [1, 9, 1, 10, 4, 11, 4, 1, 1, 12]
s706 [40, 6] [] [1, 9, 1, 10, 4, 12, 4, 1, 1, 12]
s707 [40, 4] [] [1, 9, 1, 10, 4, 1, 4, 1, 1, 4]
s708 [40, 4] [] [1, 9, 1, 10, 4, 1, 4, 1, 1, 12]
s709 [40, 4] [] [1, 9, 1, 10, 4, 3, 4, 1, 1, 12]
s710 [40, 7] [] [1, 9, 1, 10, 4, 3, 4, 1, 1, 4]
s711 [40, 5] [] [1, 9, 1, 10, 4, 4, 4, 1, 1, 12]
s712 [40, 3] [] [1, 9, 1, 10, 4, 7, 4, 1, 1, 12]
s713 [40, 4] [] [1, 9, 1, 10, 4, 1, 4, 1, 1, 12]
s714 [40, 3] [] [1, 9, 1, 10, 4, 1, 4, 1, 1, 12]
s715 [40, 5] [] [1, 9, 1, 10, 4, 3, 4, 1, 1, 4]
s716 [40, 5] [] [1, 9, 1, 10, 4, 19, 4, 1, 1, 11]
s717 [40, 5] [] [1, 9, 1, 10, 4, 19, 4, 1, 1, 11]
s718 [40, 6] [] [1, 9, 1, 10, 4, 20, 4, 1, 1, 11]
s719 [40, 5] [] [1, 9, 1, 10, 4, 1, 4, 1, 1, 12]
s720 [40, 7] [] [1, 9, 1, 10, 4, 13, 4, 1, 1, 4]
s721 [40, 4] [] [1, 9, 1, 10, 4, 7, 4, 1, 1, 12]
s722 [40, 2] [] [1, 9, 1, 10, 4, 18, 4, 1, 1, 11]
s723 [40, 5] [] [1, 9, 1, 10, 4, 9, 4, 1, 1, 11]
s724 [40, 2] [] [1, 9, 1, 10, 4, 1, 4, 1, 1, 11]
g32 [40, 4] [] [1, 9, 1, 10, 4, 1, 4, 1, 1, 12]
l8 [40, 7] [] [1, 9, 1, 10, 4, 2, 4, 1, 1, 12]
z5 [40, 3] [] [1, 9, 1, 10, 4, 15, 4, 1, 1, 12]
s5 [40, 6] [] [1, 9, 1, 10, 4, 2, 4, 1, 1, 12]
r29 [40, 5] [] [1, 9, 1, 10, 4, 1, 4, 1, 1, 12]
ab17 [40, 2] [] [1, 9, 1, 10, 4, 2, 4, 1, 1, 12]
b7 [40, 6] [] [1, 9, 1, 10, 4, 1, 4, 1, 1, 12]
gl1 [40, 3] [] [1, 9, 1, 10, 4, 21, 4, 1, 1, 12]
gl2 [40, 5] [] [1, 9, 1, 10, 4, 23, 4, 1, 1, 12]
gl3 [40, 4] [] [1, 9, 1, 10, 4, 15, 4, 1, 1, 8]
gl4 [40, 4] [] [1, 9, 1, 10, 4, 10, 4, 1, 1, 12]
gl5 [40, 3] [] [1, 9, 1, 10, 4, 21, 4, 1, 1, 11]
gl6 [40, 4] [] [1, 9, 1, 10, 4, 1, 4, 1, 1, 10]
gl7 [40, 2] [] [1, 9, 1, 10, 4, 10, 4, 1, 1, 11]
gl8 [40, 2] [] [1, 9, 1, 10, 4, 16, 4, 1, 1, 12]
ResourceTreeSet(count=5, base=20, list=40)
Mismatched set node size; expected 4458 found 40
beach_ocean [] [] []
forest [] [] []
desert [] [] []
forest_marsh [] [] []
canyon [] [] []
forest_ocean [] [] []
desert_ocean [] [] []
forest_stream [] [] []
lava_stream [] [] []
ocean [] [] []
marsh [] [] []
plain [] [] []
lava_wind [] [] []
plain_stream [] [] []
marsh_ocean [] [] []
s1_1 [] [] []
s1_5 [] [] []
s1_3 [] [] []
s1_6 [] [] []
s1_2 [] [] []
s1_7 [] [] []
s1_4 [] [] []
s1_8 [] [] []
s1_9 [] [] []
s1_13 [] [] []
s1_11 [] [] []
s1_14 [] [] []
s1_10 [] [] []
s1_15 [] [] []
s1_12 [] [] []
s1_16 [] [] []
s1_17 [] [] []
s1_21 [] [] []
s1_19 [] [] []
s1_18 [] [] []
s1_20 [] [] []
s2_1 [] [] []
s2_5 [] [] []
s2_3 [] [] []
s2_6 [] [] []
s2_2 [] [] []
s2_7 [] [] []
s2_4 [] [] []
s2_8 [] [] []
s2_9 [] [] []
s2_13 [] [] []
s2_11 [] [] []
s2_14 [] [] []
s2_10 [] [] []
s2_15 [] [] []
s2_12 [] [] []
s2_16 [] [] []
s2_17 [] [] []
s2_21 [] [] []
s2_19 [] [] []
s2_22 [] [] []
s2_18 [] [] []
s2_23 [] [] []
s2_20 [] [] []
s2_24 [] [] []
s2_25 [] [] []
s3_1 [] [] []
s3_5 [] [] []
s3_3 [] [] []
s3_6 [] [] []
s3_2 [] [] []
s3_7 [] [] []
s3_4 [] [] []
s3_8 [] [] []
s3_9 [] [] []
s3_13 [] [] []
s3_11 [] [] []
s3_14 [] [] []
s3_10 [] [] []
s3_15 [] [] []
s3_12 [] [] []
s3_16 [] [] []
s3_17 [] [] []
s3_21 [] [] []
s3_19 [] [] []
s3_22 [] [] []
s3_18 [] [] []
s3_20 [] [] []
s4_1 [] [] []
s4_5 [] [] []
s4_3 [] [] []
s4_6 [] [] []
s4_2 [] [] []
s4_7 [] [] []
s4_4 [] [] []
s4_8 [] [] []
s4_9 [] [] []
s4_13 [] [] []
s4_11 [] [] []
s4_14 [] [] []
s4_10 [] [] []
s4_15 [] [] []
s4_12 [] [] []
s4_16 [] [] []
s4_17 [] [] []
s4_21 [] [] []
s4_19 [] [] []
s4_22 [] [] []
s4_18 [] [] []
s4_23 [] [] []
s4_20 [] [] []
s5_1 [] [] []
s5_5 [] [] []
s5_3 [] [] []
s5_6 [] [] []
s5_2 [] [] []
s5_7 [] [] []
s5_4 [] [] []
s5_8 [] [] []
s5_9 [] [] []
s5_13 [] [] []
s5_11 [] [] []
s5_14 [] [] []
s5_10 [] [] []
s5_15 [] [] []
s5_12 [] [] []
s5_16 [] [] []
s5_17 [] [] []
s5_21 [] [] []
s5_19 [] [] []
s5_22 [] [] []
s5_18 [] [] []
s5_23 [] [] []
s5_20 [] [] []
s5_24 [] [] []
s5_25 [] [] []
s5_26 [] [] []
s6_1 [] [] []
s6_5 [] [] []
s6_3 [] [] []
s6_6 [] [] []
s6_2 [] [] []
s6_7 [] [] []
s6_4 [] [] []
s6_8 [] [] []
s6_9 [] [] []
s6_13 [] [] []
s6_11 [] [] []
s6_14 [] [] []
s6_10 [] [] []
s6_15 [] [] []
s6_12 [] [] []
s6_16 [] [] []
s6_17 [] [] []
s6_21 [] [] []
s6_19 [] [] []
s6_22 [] [] []
s6_18 [] [] []
s6_23 [] [] []
s6_20 [] [] []
s6_24 [] [] []
s6_25 [] [] []
s6_29 [] [] []
s6_27 [] [] []
s6_26 [] [] []
s6_28 [] [] []
s7_1 [] [] []
s7_5 [] [] []
s7_3 [] [] []
s7_6 [] [] []
s7_2 [] [] []
s7_7 [] [] []
s7_4 [] [] []
s7_8 [] [] []
s7_9 [] [] []
s7_13 [] [] []
s7_11 [] [] []
s7_14 [] [] []
s7_10 [] [] []
s7_15 [] [] []
s7_12 [] [] []
s7_16 [] [] []
s7_17 [] [] []
s7_21 [] [] []
s7_19 [] [] []
s7_22 [] [] []
s7_18 [] [] []
s7_23 [] [] []
s7_20 [] [] []
s7_24 [] [] []
fairy [] [] []
l27a [] [] []
k13b [] [] []
n11a [] [] []
j22a [] [] []
v16a [] [] []
l13a [] [] []
ff [] [] []
Clut size: 256 colors



